1
2
3
4
5
6
7
8
9
10
12
13
14
15
16
17
18
20
21
22
23
24
25
26
27
28
30
32
33
34
35
36
37
38
39
40
41
43
45
46
47
48
49
50
51
52
53
54
55
56
57
58
59
60
61
62
63
64
65
66
67
69
71
72
73
74
75
76
77
78
79
80
81
82
84
85
87
88
89
90
93
94
95
96
97
98
99
101
103
105
106
107
108
109
110
111
112
114
116
117
118
119
120
121
122
124
125
126
127
128
226
232
259
631
632
649
664
688
689
712
729

11
19
29
113
115
169
278
301
316
317
321
324
325
338
341
357
369
372
377
381
383
384
386
388
389
396
400
402
405
419
422
423
425
429
431
435
444
451
460
464
467
468
476
477
479
482
489
494
524
543
625
811

31
44
70
83
86
92
100
102
305
309
315
320
326
327
328
331
334
340
344
345
351
355
358
360
362
365
370
371
375
376
380
382
391
392
393
394
395
398
403
404
408
421
424
433
436
439
440
441
519
528
591

42
68
91
104
123
129
149
153
156
189
243
244
256
271
420
428
430
496
652
656
700
730
735
740
744
909
951
1022

130
131
132
133
134
135
136
137
138
139
140
141
142
144
145
146
147
148
150
151
152
154
155
157
158
159
160
161
162
165
166
167
168
170
171
172
173
174
175
177
178
181
182
185
186
187
188
190
191
192
193
194
195
196
197
198
199
200
201
202
203
204
205
207
209
210
211
212
213
214
216
217
218
219
220
221
222
223
224
225
227
228
229
230
231
234
235
236
237
238
239
242
251
252
253
261
264
265
266
268
269
270
272
273
274
276
277
280
281
282
283
284
285
287
288
289
290
291
292
293
294
298
299
302
303
307
311
312
313
314
318
319
322
323
329
330
332
333
335
342
354
361
367
368
373
378
385
410
412
415
418
427
432
434
449
458
462
465
469
470
471
474
475
478
484
486
488
510
521
549
551
552
560
561
562
617
618
620
623
628
630
634
645
647
655
679
686
690
691
692
693
694
714
717
746
747
750
758
761
762
763
765
768
769
772
773
775
776
777
779
782
783
785
787
788
789
790
808
892
899
901
902
904
906

143
163
180
184
206
208
215
233
246
247
249
257
263
267
286
336
343
348
349
352
359
364
366
374
379
387
390
399
407
409
411
414
417
437
446
447
448
452
453
455
456
457
511
518
522
525
648
650
666
672
711
728
742
1067
1079

164
176
778
810

179
550

183
356
485
520
523
526
527
529
530
531
532
536
537
538
539
540
541
544
545
546
547
548
553
554
555
556
557
558
559
563
564
565
566
567
568
569
570
572
577
579
580
585
587
590
592
593
594
595
596
627
635
641
680
683
702
704
705
706
708
709
716
718
719
720
722
723
724
726
727
738
814
836
852
863
865
900
908
913
914
916
917
918
919
920
921
922
924
925
926
927
928
929
930
933
936
938
940
946
950
966
984
986
989
992
994
1000
1008
1017
1049
1061
1064
1065
1070
1073
1074
1095

240
241
245
248
250
254
255
258
260
275
279
295
297
300
306
339
346
347
350
353
363
406
413
416
438
442
454
472
473
481
483
487
490
491
492
493
495
497
498
499
500
501
502
503
504
505
506
507
508
509
512
514
515
516
517
715
721
725
749
753
809
816
883

262
296
304
308
310
337
397
401
426
443
445
450
459
461
463
466
480
513
533
534
597
624
638
642
651
653
654
657
658
659
660
661
662
663
665
667
668
669
670
671
673
674
675
676
677
678
681
682
684
685
695
696
697
698
699
701
703
707
710
713
734
745
793
878

535
542
571
573
574
575
576
578
581
582
583
584
586
588
589
598
599
600
601
602
603
604
605
606
607
608
609
610
611
612
613
614
615
616
619
621
622
626
629
633
636
637
639
640
643
644
687
736
737
739
741
743
748
792
796
827
854
860
1034
1036
1076

646
751
794
798
801
823
831
839
840
841
842
846
848
849
853
861
877
880
885
886
894
895
896
897
898
903
907
910
911
912
915
923
931
932
934
935
937
939
941
948
954
955
959
968
969
970
971
973
976
978
981
985
991
1018
1021
1024
1026
1029

731
732
733
752
754
755
756
757
759
760
764
766
767
770
771
774
780
784
786
791
795
797
800
802
803
804
805
806
807
855
856
869
884
945
947
949
952
953
958
961
962
963
964
965
967
972
974
975
977
979
980
982
983
990
993
1009
1051

781
799
812
815
888
942
956
957
987
996
997
1001
1002
1004
1010
1032
1044
1050
1057
1059
1060

813
817
818
819
820
821
822
824
825
826
828
829
830
832
833
834
835
837
838
843
844
847
850
851
857
858
859
862
864
866
867
868
870
872
873
874
876
879
881
882
891
893
905
943
944
988
1056
1062

845
887
890
960

871
875

889
995
998
999
1003
1005
1006
1007
1011
1012
1013
1014
1019
1020
1040
1075
1077
1092

1015
1016
1023
1025
1027
1028
1030
1031
1033
1035
1037
1038
1039
1041
1042
1043
1045
1046
1047
1048
1052
1053
1054
1055
1058
1063
1066
1068
1069
1071
1072
1078
1080
1081
1082
1083
1084
1085
1086
1087
1088
1089
1090
1091
1093
1094

